mean T*=1.8540436847038422
sT*=0.0593604800449393
D=2.6645008686966745
sD=0.0008017542650993965
sigma=3.5367966811020044
s_sigma=0.03444480662884902
