mean T*=2.615320941048576
sT*=0.08200551443482519
D=3.568874938413486
sD=0.0010023218221670213
sigma=3.1417193107482833
s_sigma=0.031635518124813
