mean T*=1.2150197671015766
sT*=0.047545579744688315
D=1.770978568507138
sD=0.00022047010505965876
sigma=4.240051867420788
s_sigma=0.0428219207467698
