mean T*=3.536821566145979
sT*=0.08953912914812971
D=4.498551619086062
sD=0.00047753588868403447
sigma=2.9115972349608303
s_sigma=0.028030876639428527
