mean T*=1.625710110599191
sT*=0.05171252664826649
D=2.3358497947283854
sD=0.0003743006524251672
sigma=3.7626587377721346
s_sigma=0.036741570107043084
