mean T*=2.5536770791828403
sT*=0.1005424961623319
D=3.1577072656674865
sD=0.00042181803204048313
sigma=3.4068850722252884
s_sigma=0.03414532205344588
