mean T*=2.1231041599901093
sT*=0.07408142295043614
D=2.891064853920191
sD=0.000597680600342717
sigma=3.3778377221534828
s_sigma=0.0331849537630662
