mean T*=2.7910718834229633
sT*=0.0389988827055477
D=3.7110191169295668
sD=0.0004639947272207514
sigma=3.1259339807130258
s_sigma=0.030079791993225927
