mean T*=3.1883137513441646
sT*=0.058847119960594364
D=4.105967196764278
sD=0.0008017289513674135
sigma=3.0068874090349342
s_sigma=0.029243212056168255
